1
915000
1005000
1
1030000
1235000
1
1255000
1450000
1
1710000
1840000
1
2120000
2320000
1
2345000
2475000
1
2520000
2585000
1
2710000
3340000
1
3995000
5510000
1
5535000
5940000
1
6765000
6965000
1
7295000
7710000
1
8030000
8410000
1
11875000
11970000
1
12055000
12150000
1
12170000
12290000
1
12325000
12740000
1
16400000
16520000
10
865000
1120000
10
1445000
1785000
10
2950000
3100000
10
3110000
3215000
10
3820000
3945000
10
4855000
5435000
10
5480000
5670000
10
6910000
7175000
10
7570000
7730000
10
7945000
8085000
10
9365000
11065000
10
11145000
11325000
10
11375000
11530000
10
12035000
12240000
10
12795000
13140000
10
14235000
14530000
10
15020000
15135000
10
15140000
15215000
11
405000
520000
11
1210000
1610000
11
2560000
2910000
11
2955000
3125000
11
3690000
3835000
11
4165000
4610000
11
4635000
5050000
11
6825000
7085000
11
7375000
7465000
11
7480000
7715000
11
7910000
8010000
11
8020000
8130000
11
12070000
12305000
11
12340000
12935000
11
13535000
13680000
11
14545000
14935000
11
15110000
15235000
11
15310000
16720000
12
390000
500000
12
555000
670000
12
1065000
1195000
12
2775000
2895000
12
2905000
3160000
12
4675000
4890000
12
4955000
5115000
12
5120000
5210000
12
5230000
6040000
12
6970000
7080000
12
7360000
7655000
12
7815000
7980000
12
8000000
8180000
12
8245000
8400000
12
8690000
8830000
12
8855000
9035000
12
9055000
9200000
12
9235000
9420000
13
22930000
23300000
13
23370000
23595000
13
25645000
25935000
13
26115000
26670000
13
26755000
26995000
13
27285000
27495000
13
31815000
31985000
13
32015000
32325000
13
33800000
34095000
13
34500000
34665000
13
34740000
35740000
13
35765000
36400000
13
36540000
36845000
13
39230000
39500000
13
39615000
40230000
13
41385000
41490000
13
41930000
42230000
13
42850000
43165000
14
20190000
20700000
14
21460000
21580000
14
22575000
22750000
14
24055000
24415000
14
24435000
24580000
14
24685000
24780000
14
24800000
24910000
14
30000000
30510000
14
30730000
31010000
14
32000000
32340000
14
33055000
33180000
14
33935000
34265000
14
36325000
36540000
14
36550000
36880000
14
37225000
37410000
14
37700000
38355000
14
39160000
39485000
14
39565000
39945000
15
22835000
23255000
15
23615000
23720000
15
25565000
25695000
15
30010000
30375000
15
31830000
32445000
15
33570000
34005000
15
34030000
34295000
15
34335000
34515000
15
34520000
34665000
15
34920000
35155000
15
35355000
35785000
15
35835000
36010000
15
36025000
36680000
15
36830000
37115000
15
37175000
37400000
15
37500000
38160000
15
39965000
40065000
15
42460000
42765000
16
285000
405000
16
1880000
1995000
16
2075000
2205000
16
2920000
3015000
16
5150000
5285000
16
8750000
8885000
16
8890000
8980000
16
8985000
9230000
16
9815000
10275000
16
10335000
10605000
16
15680000
15810000
16
15850000
15945000
16
15965000
16130000
16
17690000
18170000
16
18805000
18920000
16
19920000
20390000
16
20595000
20735000
16
21195000
21295000
17
605000
690000
17
700000
895000
17
2670000
2945000
17
2975000
3405000
17
3430000
3565000
17
4610000
4805000
17
5390000
5480000
17
6355000
6550000
17
6940000
7100000
17
8020000
8215000
17
8295000
8650000
17
10250000
10520000
17
10795000
11840000
17
11885000
12055000
17
12660000
12925000
17
15130000
15415000
17
15920000
16100000
17
16260000
16345000
18
155000
270000
18
280000
595000
18
2305000
2545000
18
2810000
2905000
18
3705000
4015000
18
5225000
5310000
18
7010000
8435000
18
8465000
8620000
18
8655000
8995000
18
9570000
9730000
18
9970000
10525000
18
10530000
10775000
18
11190000
11575000
18
13815000
14090000
18
18510000
18765000
18
21745000
21890000
18
21935000
22075000
18
22105000
22330000
19
250000
505000
19
920000
1000000
19
2470000
2620000
19
3190000
3280000
19
3315000
3490000
19
3985000
4220000
19
4240000
4405000
19
4550000
4650000
19
7190000
7305000
19
8475000
8575000
19
9255000
9695000
19
10370000
10505000
19
12810000
12985000
19
13855000
13985000
19
13990000
14190000
19
14675000
14805000
19
15190000
15275000
19
15710000
16105000
2
3185000
3315000
2
3370000
3715000
2
6225000
6670000
2
6965000
7225000
2
7565000
7825000
2
8370000
8445000
2
8450000
8545000
2
9280000
9545000
2
10830000
10950000
2
11820000
11945000
2
11970000
12215000
2
12870000
13110000
2
13510000
14050000
2
15335000
15740000
2
15775000
16700000
2
17625000
17825000
2
18035000
18375000
2
20870000
21035000
20
185000
250000
20
330000
475000
20
1210000
1280000
20
1765000
1935000
20
1950000
2160000
20
2510000
2630000
20
3195000
3310000
20
3540000
3640000
20
4580000
4710000
20
5220000
5455000
20
6555000
6745000
20
6815000
6920000
20
7365000
7875000
20
8115000
8290000
20
8785000
9345000
20
9380000
9595000
20
9615000
9890000
20
10290000
10410000
21
15405000
15490000
21
15630000
15755000
21
16155000
16230000
21
16445000
16880000
21
18755000
18965000
21
19045000
19300000
21
26770000
26955000
21
26980000
27105000
21
27260000
27550000
21
27635000
28100000
21
28130000
30155000
21
30850000
31240000
21
31375000
32460000
21
33025000
33115000
21
33160000
33645000
21
33650000
33765000
21
33770000
33965000
21
34850000
35005000
22
17425000
17545000
22
19715000
19920000
22
19945000
20110000
22
21215000
21360000
22
22030000
22305000
22
22385000
22550000
22
22800000
22920000
22
23305000
23475000
22
23495000
23635000
22
23640000
23745000
22
23755000
23855000
22
24575000
24665000
22
25600000
25735000
22
26240000
26745000
22
27130000
28190000
22
28255000
28410000
22
28485000
28955000
22
30670000
30785000
3
2360000
2790000
3
3060000
3220000
3
3235000
4295000
3
4350000
4710000
3
5160000
5255000
3
5265000
5345000
3
5440000
5795000
3
5910000
6925000
3
8350000
8465000
3
8475000
8675000
3
9390000
9530000
3
10385000
10790000
3
12600000
12710000
3
13535000
13695000
3
13935000
14150000
3
14160000
14240000
3
14980000
15115000
3
15645000
15860000
4
330000
490000
4
505000
660000
4
690000
1005000
4
1015000
1110000
4
1120000
1350000
4
2015000
2205000
4
2220000
2450000
4
3090000
3240000
4
3330000
3465000
4
3570000
3890000
4
4250000
4350000
4
4460000
4915000
4
4990000
5850000
4
7745000
8015000
4
8640000
9145000
4
11815000
12645000
4
13375000
13550000
4
14750000
15055000
5
310000
455000
5
475000
630000
5
2115000
4805000
5
5495000
5885000
5
6610000
6755000
5
7750000
7865000
5
8830000
9210000
5
9345000
9545000
5
10845000
11215000
5
13985000
14100000
5
16465000
16570000
5
16775000
17190000
5
18690000
18760000
5
22875000
23150000
5
23315000
23785000
5
31400000
31545000
5
32680000
33405000
5
34925000
35020000
6
200000
395000
6
405000
565000
6
605000
715000
6
795000
1430000
6
2390000
2705000
6
5140000
5405000
6
8120000
8230000
6
10840000
11090000
6
12030000
12130000
6
12155000
12285000
6
12290000
12610000
6
13195000
13330000
6
13335000
13580000
6
14725000
15240000
6
15245000
15460000
6
15495000
15650000
6
17135000
17575000
6
17850000
18125000
7
815000
915000
7
1240000
1485000
7
2905000
3210000
7
3250000
4620000
7
6185000
6380000
7
6390000
6490000
7
6540000
6630000
7
6990000
7140000
7
7220000
7300000
7
8450000
8780000
7
10565000
10940000
7
12090000
12400000
7
12560000
12670000
7
14750000
15080000
7
17815000
18000000
7
18390000
18710000
7
20750000
21215000
7
21295000
21560000
8
610000
690000
8
1670000
1745000
8
1810000
1990000
8
2460000
2675000
8
6690000
7015000
8
9775000
10235000
8
10275000
10410000
8
10425000
10695000
8
12545000
12710000
8
12725000
12890000
8
16625000
17005000
8
17015000
17175000
8
17955000
18665000
8
18755000
19160000
8
19725000
19995000
8
20095000
20255000
8
20260000
21625000
8
23700000
24065000
9
330000
465000
9
1065000
1375000
9
1455000
1605000
9
2210000
2805000
9
2855000
3200000
9
3235000
3450000
9
3540000
3695000
9
3730000
4290000
9
5080000
5435000
9
5630000
5720000
9
5850000
6050000
9
6065000
6325000
9
7185000
7550000
9
7565000
8235000
9
10025000
10285000
9
12720000
12835000
9
13345000
14440000
9
15210000
15420000
23
350000
1035000
23
1570000
1715000
23
2820000
3740000
23
6505000
6965000
23
7960000
8705000
23
9430000
9680000
23
10145000
10665000
23
11160000
11525000
23
12080000
12790000
23
15155000
15270000
23
15755000
16170000
23
17805000
18365000
23
19035000
19360000
23
19375000
19550000
23
21855000
21970000
23
21995000
22220000
23
24745000
25040000
23
26660000
27340000
